A = [4 1 1; 2 1 13; 3 0 -1];
B = [3;2;11];
Q = A\B;