x = [1 2 0; 2 7 1; 0 0 5];
z = (3.*x) + (x.^2);